08151|4|08104|0107010003|客户服务中心|江门融和农村商业银行股份有限公司客户服务中心|江门市蓬江区东华一路文华苑一幢|0|08101|3|0|0701|||
08151|5|08105|0107010004|财务管理中心|江门融和农村商业银行股份有限公司财务管理中心|江门市蓬江区东华一路文华苑一幢|0|08101|3|0|0701|||
08151|6|08106|0107010005|资金营运中心|江门融和农村商业银行股份有限公司资金营运中心|江门市蓬江区东华一路文华苑一幢|0|08101|3|0|0701|||
08151|7|08107|0107010006|银行卡中心|江门融和农村商业银行股份有限公司银行卡中心|江门市蓬江区东华一路文华苑一幢|0|08101|3|0|0701|||
08151|58900100|08110|0107010199|总行营业部本部|江门融和农村商业银行股份有限公司总行营业部本部|江门市蓬江区东华一路文华苑一幢|1|08100|2|0|0701|||
08151|58900200|08111|0107010299|环市支行本部|江门融和农村商业银行股份有限公司环市支行本部|江门市蓬江区建设路57号之一|1|08100|2|0|0701|||
08151|58900300|08112|0107010399|外海支行本部|江门融和农村商业银行股份有限公司外海支行本部|江门市江海区外海镇中华大道138号|1|08100|2|0|0701|||
08151|58900400|08113|0107010499|潮连支行本部|江门融和农村商业银行股份有限公司潮连支行本部|江门市蓬江区潮连镇青年公路90号|1|08100|2|0|0701|||
08151|58900500|08114|0107010599|礼乐支行本部|江门融和农村商业银行股份有限公司礼乐支行本部|江门市江海区礼乐乐祥东路口|1|08100|2|0|0701|||
08151|8|08115|0107010699|江华支行本部|江门融和农村商业银行股份有限公司江华支行本部|江门市蓬江区江华路11号|1|08100|2|1|0701|||
08151|9|08116|0107010799|白沙支行本部|江门融和农村商业银行股份有限公司白沙支行本部|江门市蓬江区白沙长寿里7-9号|1|08100|2|1|0701|||
08151|10|08117|0107010899|双龙支行本部|江门融和农村商业银行股份有限公司双龙支行本部|江门市蓬江区建设二路115号|1|08100|2|0|0701|||
08151|11|08118|0107010999|东风支行本部|江门融和农村商业银行股份有限公司东风支行本部|江门市蓬江区胜利北路11号|1|08100|2|1|0701|||
08151|12|08119|0107011099|滘头支行本部|江门融和农村商业银行股份有限公司滘头支行本部|江门市江海区江南路17号|1|08100|2|0|0701|||
08151|13|08120|0107011199|嘉悦支行本部|江门融和农村商业银行股份有限公司嘉悦支行本部|江门市蓬江区丰乐路173号101|1|08100|2|1|0701|||
08151|14|08121|0107011299|麻元支行本部|江门融和农村商业银行股份有限公司麻元支行本部|江门市江海区外海晚市上街里32号|1|08100|2|1|0701|||
08151|15|08122|0107011399|高新区科技支行本部|江门融和农村商业银行股份有限公司高新区科技支行本部|江门市江海区东宁路汇源街2号|1|08100|2|0|0701|||
08151|58900216|08153|0107010103|东湖支行|江门融和农村商业银行股份有限公司东湖支行|江门市蓬江区水南会龙里156号|2|08110|3|0|0701|3366240|314589000180|
08151|58900223|08154|0107010104|良化支行|江门融和农村商业银行股份有限公司良化支行|江门市蓬江区迎宾路良化新村11号|2|08110|3|0|0701|3371925|314589000198|
08151|58900224|08155|0107010105|丹朝支行|江门融和农村商业银行股份有限公司丹朝支行|江门市蓬江区丹井里23号|2|08110|3|0|0701|3375071|314589000202|
08151|58900202|08157|0107010202|紫莱支行|江门融和农村商业银行股份有限公司紫莱支行|江门市蓬江区东仓里1号之一|2|08111|3|0|0701|3322525|314589000219|
08151|58900205|08158|0107010203|石冲支行|江门融和农村商业银行股份有限公司石冲支行|江门市蓬江区山梓里88号|2|08111|3|0|0701|3372787|314589000227|
08151|58900206|08159|0107010204|群星支行|江门融和农村商业银行股份有限公司群星支行|江门市蓬江区群星乡草园里1号|2|08111|3|0|0701|3210955|314589000235|
08151|58900209|08160|0107010205|联合支行|江门融和农村商业银行股份有限公司联合支行|江门市蓬江区建设三路151号|2|08111|3|0|0701|3210176|314589000243|
08151|58900210|08161|0107010206|篁庄支行|江门融和农村商业银行股份有限公司篁庄支行|江门市蓬江区晚市里26号|2|08117|3|0|0701|3218930|314589000251|
08151|58900212|08162|0107010207|篁边支行|江门融和农村商业银行股份有限公司篁边支行|江门市蓬江区篁边鹅峰里64号|2|08117|3|0|0701|3372193|314589000260|
08151|58900217|08163|0107010208|炮台支行|江门融和农村商业银行股份有限公司炮台支行|江门市蓬江区港口路156号之一|2|08111|3|0|0701|3366049|314589000278|
08151|58900219|08164|0107010209|江城支行|江门融和农村商业银行股份有限公司江城支行|江门市蓬江区天河西路1号|2|08111|3|0|0701|3226437|314589000286|
08151|58900220|08165|0107010210|羊桥支行|江门融和农村商业银行股份有限公司羊桥支行|江门市蓬江区羊桥路2号|2|08111|3|0|0701|3351280|314589000294|
08151|58900235|08166|0107010211|幸东支行|江门融和农村商业银行股份有限公司幸东支行|江门市蓬江区幸福新村东84号|2|08111|3|0|0701|3518337|314589000309|
08151|58900301|08167|0107010301|外海支行|江门融和农村商业银行股份有限公司外海支行|江门市江海区外海拔中华大道138号|2|08112|3|0|0701|3792172|314589000034|
08151|58900305|08168|0107010302|东南支行|江门融和农村商业银行股份有限公司东南支行|江门市江海区外海朝市坊路口|2|08112|3|0|0701|3791549|314589000325|
08151|58900307|08169|0107010303|直冲支行|江门融和农村商业银行股份有限公司直冲支行|江门市江海区外海大康桥脚|2|08112|3|0|0701|3791439|314589000333|
08151|58900403|08175|0107010402|芝山支行|江门融和农村商业银行股份有限公司芝山支行|江门市蓬江区潮连镇青年公路16号|2|08113|3|0|0701|3728349|314589000392|
08151|58900404|08176|0107010403|莲花支行|江门融和农村商业银行股份有限公司莲花支行(原潮连分社)|江门市蓬江区潮连巷头市聚龙新村12号|2|08113|3|0|0701|3728319|314589000405|
08151|58900407|08177|0107010404|塘边支行|江门融和农村商业银行股份有限公司塘边支行|江门市蓬江区潮连青年路74号|2|08113|3|0|0701|3728460|314589000413|
08151|58900408|08178|0107010405|豸岗支行|江门融和农村商业银行股份有限公司豸岗支行|江门市蓬江区潮连豸岗临安大街六巷|2|08113|3|0|0701|3728469|314589000421|
08151|58900410|08179|0107010406|坦边支行|江门融和农村商业银行股份有限公司坦边支行|江门市蓬江区潮连潮连坦边巷头街54号|2|08113|3|0|0701|3721266|314589000430|
08151|58900501|08180|0107010501|礼乐支行|江门融和农村商业银行股份有限公司礼乐支行|江门市江海区礼乐乐祥东路口|2|08114|3|0|0701|3621278|314589000059|
08151|58900506|08181|0107010502|武东支行|江门融和农村商业银行股份有限公司武东支行|江门市江海区礼乐乐祥东路117号|2|08114|3|0|0701|3623240|314589000456|
08151|58900507|08182|0107010503|武西支行|江门融和农村商业银行股份有限公司武西支行|江门市江海区礼乐新丰管理区|2|08114|3|0|0701|3623518|314589000464|
08151|58900509|08183|0107010504|礼东支行|江门融和农村商业银行股份有限公司礼东支行|江门市江海区礼乐礼东三路36号|2|08114|3|0|0701|3623215|314589000472|
08151|58900510|08184|0107010505|英北支行|江门融和农村商业银行股份有限公司英北支行|江门市江海区礼乐解放路31号|2|08114|3|0|0701|3629058|314589000489|
08151|58900511|08185|0107010506|敬和支行|江门融和农村商业银行股份有限公司敬和支行|江门市江海区礼乐三路169号|2|08114|3|0|0701|3629057|314589000497|
08151|58900515|08186|0107010507|文昌支行|江门融和农村商业银行股份有限公司文昌支行|江门市江海区礼乐文昌花园13幢|2|08114|3|0|0701|3610787|314589000501|
08151|58900102|08187|0107010601|江华支行|江门融和农村商业银行股份有限公司江华支行|江门市蓬江区江华路11号|2|08110|3|0|0701|3180240|314589000091|
08151|58900208|08188|0107010602|耙冲支行|江门融和农村商业银行股份有限公司耙冲支行|江门市蓬江区丰乐城B区128号|2|08111|3|0|0701|3906454|314589000510|
08151|58900203|08189|0107010701|白沙支行|江门融和农村商业银行股份有限公司白沙支行|江门市蓬江区白沙长寿里7-9号|2|08111|3|0|0701|3534131|314589000106|
08151|58900221|08190|0107010702|天河支行|江门融和农村商业银行股份有限公司天河支行|江门市蓬江区白沙河西路1号|2|08111|3|0|0701|3531076|314589000528|
08151|58900230|08192|0107010802|建设支行|江门融和农村商业银行股份有限公司建设支行(原第二分社)|江门市蓬江区建设二路157号|2|08117|3|0|0701|3215436|314589000536|
08151|58900222|08193|0107010901|东风支行|江门融和农村商业银行股份有限公司东风支行|江门市蓬江区胜利北路11号|2|08117|3|0|0701|3239790|314589000544|
08151|58900211|08194|0107010902|里村支行|江门融和农村商业银行股份有限公司里村支行|江门市蓬江区里村祠前里3号之一|2|08117|3|0|0701|3222427|314589000552|
08151|58900248|08196|0107011002|东海支行|江门融和农村商业银行股份有限公司东海支行|东海路48号中环广场北侧首层|2|08119|3|0|0701|3898865|314589000569|
08151|58900240|08197|0107011003|滘头支行|江门融和农村商业银行股份有限公司滘头支行|江门市江海区滘头市心里1号|2|08119|3|0|0701|3895957|314589000577|
08151|58900218|08198|0107011004|新星支行|江门融和农村商业银行股份有限公司新星支行|江门市江海区河南仁美里76号之四|2|08119|3|1|0701|3895519||
08151|58900250|08199|0107011101|嘉悦名都支行|江门融和农村商业银行股份有限公司嘉悦名都支行|江门市蓬江区丰乐路173号101|2|08117|3|0|0701|3931806|314589000317|
08151|58900302|08200|0107011201|麻元支行|江门融和农村商业银行股份有限公司麻元支行|江门市江海区外海晚市上街里32号|2|08112|3|0|0701|3803115|314589000147|
08151|58900318|08201|0107011301|高新区科技支行|江门融和农村商业银行股份有限公司高新区科技支行|江门市江海区东宁路汇源街2号|2|08122|3|0|0701|3868023|314589000155|
08151|58900304|08202|0107011302|南山支行|江门融和农村商业银行股份有限公司南山支行|江门市江海区外海南山灵钟里大路旁|2|08122|3|0|0701|3791714|314589000585|
08151|58900508|08203|0107011401|仙贤支行|江门融和农村商业银行股份有限公司仙贤支行|江门市江海区礼乐新民一路31号|2|08114|3|0|0701|3623419|314589000163|
08151|58900241|08204|0107011501|滘北支行|江门融和农村商业银行股份有限公司滘北支行|江门市江海区江海路121号|2|08119|3|0|0701|3816019|314589000139|
08151|58900214|08205|0107011502|蓬江支行|江门融和农村商业银行股份有限公司蓬江支行|江门市江海区桥南大道60号|2|08119|3|0|0701|3815256|314589000593|
08151|58900103|08128||公司业务部|公司业务部||1|08101|3|0|0701|||
08151|58900105|08130||小企业专营中心|小企业专营中心||1|08101|3|0|0701|||
08151|58900106|08065||机构部-原|机构业务部-原||0|08101|3|1|0701|||
08151|58900199|08101|0107010099|总行本部|江门融和农村商业银行股份有限公司总行本部|江门市蓬江区东华一路文华苑一幢|0|08100|2|0|0701|||
08151|16|08123|0107011499|仙贤支行本部|江门融和农村商业银行股份有限公司仙贤支行本部|江门市江海区礼乐新民一路31号|1|08100|2|1|0701|||
08151|17|08124|0107011599|滘北支行本部|江门融和农村商业银行股份有限公司滘北支行本部|江门市江海区江海路121号|1|08100|2|1|0701|||
08151|58900308|08170|0107010304|中路支行|江门融和农村商业银行股份有限公司中路支行|江门市江海区外海中路前进龙眼基|2|08112|3|0|0701|3771649|314589000341|
08151|58900309|08171|0107010305|中东支行|江门融和农村商业银行股份有限公司中东支行|江门市江海区外海中东管理区二冲1号|2|08112|3|0|0701|3771627|314589000350|
08151|58900112|08102|0107010001|清算及票据中心|江门融和农村商业银行股份有限公司清算及票据中心|江门市蓬江区东华一路文华苑一幢|0|08101|3|0|0701|||
08151|58900310|08172|0107010306|同联支行|江门融和农村商业银行股份有限公司同联支行|江门市江海区外海中华路9号|2|08112|3|0|0701|3792277|314589000368|
08151|58900104|08129||零售部|零售业务部||1|08101|3|0|0701|||
08151|58900120|08057||信贷管理部|信贷管理部||0|08101|3|0|0701|||
08151|58900121|08058||授信审批中心|授信审批中心||0|08101|3|0|0701|||
08151|58900134|08108||国际业务部|国际业务部||0|08101|3|0|0701|||
08151|58900123|08060||合规部|合规与风险管理部||0|08101|3|0|0701|||
08151|58900124|08061||人力资源部|人力资源部||0|08101|3|0|0701|||
08151|58900125|08062||计财部|计划财务部||0|08101|3|0|0701|||
08151|58900126|08064||稽核部|稽核审计部||0|08101|3|0|0701|||
08151|58900127|08068||运营部|运营部||0|08101|3|0|0701|||
08151|58900129|08070||行管部|行政管理部||0|08101|3|0|0701|||
08151|58900107|08131||资产保全部|资产保全部||1|08101|3|0|0701|||
08151|18|08125|0107011599|杜阮支行本部|江门融和农村商业银行股份有限公||1|08100|2|0|0701|||
08151|19|08126||棠下支行本部|江门融和农村商业银行股份有限公||1|08100|2|0|0701|||
08151|20|08127||荷塘支行本部|江门融和农村商业银行股份有限公||1|08100|2|0|0701|||
08151|58900131|08050||董办|董事会办公室||0|08101|3|0|0701|||
08151|58900132|08063||稽核审计部|稽核审计部||0|08101|3|1|0701|||
08151|58900133|08056| |办公室|办公室||0|08101|3|0|0701|||
08151|58900701|08206|0107010102|杜阮支行|江门融和农村商业银行股份有限公司杜阮支行|杜阮镇江杜中路99号|2|08125|3|0|0701|3677011|314589000083|
08151|58900801|08207|0107010102|棠下支行|江门融和农村商业银行股份有限公司棠下支行|棠下镇新城区民康路1号|2|08126|3|0|0701|3580622|314589000075|
08151|58900135|08072||服务与创新部|服务与创新部||0|08101|3|0|0701|||
08151|58900319|08209|0107010101|江睦支行|江门融和农村商业银行股份有限公司江睦支行|江海高新东路33号1幢|2|08112|3|0|0701|3697018|314589000384|
08151|58900411|08210|0107010406|凤山支行|江门融和农村商业银行股份有限公司凤山支行|双龙大道88号首层江门义乌小商品城内|2|08117|3|0|0701|3690008|314589000448|
08151|58900602|08212||六坊支行|江门融和农村商业银行股份有限公司六坊支行|江门市荷塘镇中泰西路3号首层|2|08127|3|0|0701|3855686|314589000673|
08151|58900108|08132| |机构业务部|机构业务部||1|08101|3|0|0701|||
08151|58900702|08211||瑶村支行|江门融和农村商业银行股份有限公司瑶村支行|杜阮镇杜阮北一路107号首层|2|08125|3|0|0701|3855698|314589000608|
08151|58900109|08071| |安全保卫部|安全保卫部||0|08101|3|0|0701|||
08151|58900900|08133||恩平支行本部|江门融和农村商业银行股份有限公司恩平支行本部||1|08100|2|0|0701|||
08151|58900901|08213||恩平支行|江门融和农村商业银行股份有限公司恩平支行|恩平市恩城新平北路32号首层|2|08133|3|0|0701|7183098|314589300636|
08151|58900136|08073||金融市场部|金融市场部||0|08101|3|0|0701|||
08151|58900137|08074||理财事业部|理财事业部||0|08101|3|0|0701|||
08151|58901002|08215||颐景支行|江门融和农村商业银行股份有限公司颐景支行|丰康路55号|2|08117|3|0|0701|3686359|314589000632|
08151|58901100|08135||怡康支行本部|江门融和农村商业银行股份有限公司怡康支行本部||1|08100|2|1|0701|||
08151|58901101|08216| |怡康支行|江门融和农村商业银行股份有限公司怡康支行|白石大道140号|2|08117|3|0|0701|3689652|314589000649|
08151|58900138|08051||发展规划部|发展规划部||0|08101|3|0|0701|||
08151|58900139|08052||三农服务中心|三农服务中心||0|08101|3|0|0701|||
||08214||清钞中心|江门融和农村商业银行总行清钞中心||0|08100|3|0|0701|||
|58900803|08217||沙富支行|江门融和农村商业银行股份有限公沙富支行|江门市蓬江区棠下镇沙富村民委员会仓宁队围仔23号|2|08126|3|0|0701||314589000657|
08151|58901102|08218||贯溪支行|江门融和农村商业银行股份有限公司贯溪支行|杜阮镇贯溪新园新村A幢101室、102室|2|08125|3|0|0701|||
08151|58901103|08219||木朗支行|江门融和农村商业银行股份有限公司木朗支行|杜阮镇金朗花园28幢101室|2|08125|3|0|0701|||
08151|58901104|08220||东成分理处|江门融和农村商业银行股份有限公司恩平东成分理处| |2|08133|3|0|0701|||
08151|58900113|08103|0107010002|现金管理中心|江门融和农村商业银行股份有限公司现金管理中心|江门市蓬江区东华一路文华苑一幢|0|08101|3|0|0701|||
08151|58900204|08152|0107010102|水南支行|江门融和农村商业银行股份有限公司水南支行|江门市蓬江区水南市17号|2|08110|3|0|0701|3365533|314589000171|
08151|58900312|08173|0107010307|金溪支行|江门融和农村商业银行股份有限公司金溪支行|江门市江海区金溪新村老人院侧|2|08112|3|0|0701|3791671|314589000376|
08151|58900207|08191|0107010801|双龙支行|江门融和农村商业银行股份有限公司双龙支行|江门市蓬江区建设二路115号|2|08117|3|0|0701|3215159|314589000114|
08151|58900099|08100|0107019999|总行|江门融和农村商业银行股份有限公司|江门市蓬江区东华一路文华苑一幢|0|08000|1|0|0701|||
08151|58900128|08069||科技部|信息科技部||0|08101|3|0|0701|||
08151|58900213|08195|0107011001|中沙支行|江门融和农村商业银行股份有限公司中沙支行|江门市江海区江南路17号|2|08119|3|0|0701|3895256|314589000122|
08151|58900101|08151|0107010101|总行营业部|江门融和农村商业银行股份有限公司总行营业部|江门市蓬江区东华一路文华苑一幢|2|08110|3|0|0701|3168160|314589000018|
08151|58900201|08156|0107010201|环市支行|江门融和农村商业银行股份有限公司环市支行|江门市蓬江区建设路57号之一|2|08111|3|0|0701|3301057|314589000026|
08151|58900401|08174|0107010401|潮连支行|江门融和农村商业银行股份有限公司潮连支行|江门市蓬江区潮连镇青年公路90号|2|08113|3|0|0701|3722881|314589000042|
08151|58900601|08208|0107010102|荷塘支行|江门融和农村商业银行股份有限公司荷塘支行|荷塘镇中心广场民丰路35、37号|2|08127|3|0|0701|3706663|314589000067|
